%% Colors used in journals of Nature publishing group

color_scheme_npg = [...
    0.9020    0.2941    0.2078; ...
    0.3020    0.7333    0.8353; ...
         0    0.6275    0.5294; ...
    0.2353    0.3294    0.5333; ...
    0.9529    0.6078    0.4980; ...
    0.5176    0.5686    0.7059; ...
    0.5686    0.8196    0.7608; ...
    0.8627         0         0; ...
    0.4941    0.3804    0.2824; ...
    0.6902    0.6118    0.5216 ];

%% Colors used in Science journals

color_scheme_aaas = [...
    0.2314    0.2863    0.5725; ...
    0.9333         0         0; ...
         0    0.5451    0.2706; ...
    0.3882    0.0941    0.4745; ...
         0    0.5098    0.5020; ...
    0.7333         0    0.1294; ...
    0.3725    0.3333    0.6078; ...
    0.6353         0    0.3373; ...
    0.5020    0.5059    0.5020; ...
    0.1059    0.0980    0.0980];

%% Colors used in the New England Journal of Medicine

color_scheme_nejm = [...
    0.7373    0.2353    0.1608; ...
         0    0.4471    0.7098; ...
    0.8824    0.5294    0.1529; ...
    0.1255    0.5216    0.3059; ...
    0.4706    0.4627    0.6941; ...
    0.4353    0.6000    0.6784; ...
    1.0000    0.8627    0.5686; ...
    0.9333    0.2980    0.5922];

%% Colors used in the Lancet journal

color_scheme_lancet = [...
         0    0.2745    0.5451; ...
    0.9294         0         0; ...
    0.2588    0.7098    0.2510; ...
         0    0.6000    0.7059; ...
    0.5725    0.3686    0.6235; ...
    0.9922    0.6863    0.5686; ...
    0.6784         0    0.1647; ...
    0.6784    0.7137    0.7137; ...
    0.1059    0.0980    0.0980];

%% Set 1 from brewermap 

color_scheme_set1 = [... 
    0.8941    0.1020    0.1098; ...
    0.2157    0.4941    0.7216; ...
    0.3020    0.6863    0.2902; ...
    0.5961    0.3059    0.6392; ...
    1.0000    0.4980         0; ...
    1.0000    1.0000    0.2000; ...
    0.6510    0.3373    0.1569; ...
    0.9686    0.5059    0.7490; ...
    0.6000    0.6000    0.6000; ...
    0.4510    0.4510    0.4510 ];
