%% Colors used in journals of Nature publishing group

color_scheme_npg = [...
    0.9020    0.2941    0.2078; ...
    0.3020    0.7333    0.8353; ...
         0    0.6275    0.5294; ...
    0.2353    0.3294    0.5333; ...
    0.9529    0.6078    0.4980; ...
    0.5176    0.5686    0.7059; ...
    0.5686    0.8196    0.7608; ...
    0.8627         0         0; ...
    0.4941    0.3804    0.2824; ...
    0.6902    0.6118    0.5216 ];

%% Set 1 from brewermap 

color_scheme_set1 = [... 
    0.8941    0.1020    0.1098; ...
    0.2157    0.4941    0.7216; ...
    0.3020    0.6863    0.2902; ...
    0.5961    0.3059    0.6392; ...
    1.0000    0.4980         0; ...
    1.0000    1.0000    0.2000; ...
    0.6510    0.3373    0.1569; ...
    0.9686    0.5059    0.7490; ...
    0.6000    0.6000    0.6000; ...
    0.4510    0.4510    0.4510 ];